677 12 1 90 88 27 68 58 19 35 18 21 50 64
768 12 1 69 44 38 48 3 58 17 21 82 35 106
890 13 1 29 6 4 71 11 53 24 34 104 73 114 109
952 13 1 18 81 46 95 53 129 58 57 125 49 101 10
1085 13 1 9 47 114 73 97 17 5 112 101 38 22 95
1183 14 1 104 26 128 22 87 35 49 67 3 127 50 139 78
1256 14 1 102 110 55 103 12 137 106 31 134 33 160 53 156
1431 15 1 7 94 2 112 137 14 164 122 139 39 41 104 67 8
1483 14 1 89 39 128 117 119 139 150 90 32 8 87 53 123
1573 14 1 116 21 139 82 181 48 190 162 128 96 154 146 136
1667 15 1 125 154 81 94 108 30 76 60 42 159 109 82 140 144
1830 15 1 83 144 145 161 71 32 152 198 157 24 85 180 128 18
1973 15 1 153 154 122 74 41 165 83 164 163 23 128 111 132 85
2020 15 1 37 223 71 137 114 95 6 86 169 197 111 154 192 73
2161 15 1 22 178 158 219 162 190 237 38 191 100 32 187 82 217
2352 16 1 3 240 144 241 152 191 216 17 12 2 36 219 19 133 130
2452 16 1 50 260 9 3 220 62 80 154 109 221 159 55 48 127 104
2680 17 1 92 261 7 77 6 192 37 43 252 270 232 33 18 249 79 260
2667 16 1 172 192 272 99 5 139 252 78 133 124 28 115 128 49 38
