47 5 1 3 8 15 18 
55 4 1 10 11 17 
68 6 1 7 17 22 25 35 
86 6 1 2 20 21 29 34 
101 6 1 3 5 10 21 29 
110 6 1 7 9 13 22 40 
146 6 1 24 35 44 47 50 
141 6 1 8 29 42 51 52 
154 6 1 12 34 36 39 55 
182 7 1 10 31 43 48 58 64 
195 7 1 10 38 45 50 52 70 
197 6 1 15 49 58 60 70 
208 6 1 2 63 73 78 84 
242 7 1 20 54 61 70 72 90 
283 8 1 3 24 32 58 62 85 90 
258 7 1 17 18 22 29 82 83 
314 7 1 3 9 10 47 92 102 
310 7 1 23 33 51 65 76 78 
316 7 1 18 35 41 57 80 101 
337 7 1 5 22 24 34 66 71 
369 8 1 50 60 66 67 95 111 114 
